20260321174231
20260321174234
20260322224121
20260323171443
20260323171509
20260323171534
20260323171926
20260323172019
20260328212027
20260328231814
20260330154719
20260330160305
20260330213908
20260330214403
20260330223227
20260330224325
20260331215354
20260402173555
20260402174459
20260402175447
20260402182304
20260411113725
20260411113956
20260425142059
20260425142132
20260425143424
20260425163947
20260425164117
20260425164302
20260425201000
20260426024135
20260426024241
20260426024306
20260426031411
20260426031422
20260426031513
20260426211607
20260426211925
20260426212244
20260426212332
20260426212425
20260426212756
20260426223420
20260427122616
20260427140620
20260427141113
20260427142314
20260427214655
20260427220043
20260427220152
20260427220952
20260427221937
20260427223629
20260427225727
20260427230247
20260428011427
20260428012514
20260428012726
20260428013153
20260428013207
20260428013329
20260428013740
20260428014222
20260428014529
20260428014614
20260428014943
20260428015017
20260428015029
20260428015102
20260428111902
20260428123625
20260428131054
20260428131804
20260428154638
20260428155832
20260428155841
20260428155850
20260428211207
20260428220520
20260428223339
20260428232104
20260428232549
20260429000055
20260429120532
20260429224531
20260429224627
20260429224943
20260429225145
20260429225543
20260429225825
20260429230008
20260429230406
20260430000338
20260430003726
20260430023133
20260430023441
20260430024343
20260430024601
20260430024637
20260430124831
20260430142242
20260430142641
20260430142948
20260430143216
20260501150119
20260502162834
20260503154659
20260503154743
20260503154756
20260503154802
20260503154809
20260504011620
20260504011636
20260504011652
20260504021750
20260504031638
20260504122118
20260504122244
20260504123640
20260504152521
20260504152749
20260504230422
20260504230725
20260504230853
20260504231257
20260505003752
20260505003814
20260505003854
20260505003930
20260505004047
20260505101405
20260505102539
20260506000137
20260506001659
20260506022748
20260509000632
20260520195726
20260520195756
20260520195912
20260520195945
20260520200058
20260522021143
20260529193519
20260530124157
20260530130337
20260603235849
20260604004234
20260604005533
20260604010639
20260604121948
20260607180110
20260607204531
20260607205804
20260607213521
20260608140426
20260610002336
20260610002609
20260611114550
20260611115308
20260611115945
20260612003429
20260612134924
20260612135240
20260612195210
20260614155802
20260614155815
20260614155831
20260614155919
20260614162357
20260615150842
20260615150858
20260615151035
20260615151050
20260615151118
20260615152119
20260615165842
20260615192144
20260616004948
20260616015814
20260621224201
20260621230215
20260621231831
20260621235503
20260622013824
20260622013858
20260622115308
20260629014514
20260629021215
20260629021747
20260629023704
20260629121022
20260702201253
20260703013843
20260703015959
20260703160640
20260703163619
20260703231335
20260703235305
20260704154200
20260705014941
20260705144417
20260706004543
20260706020430
20260712050214
20260712131301
20260712131407
20260712132046
20260712132427
20260712132456
20260712132659
20260712135658
20260718235937
20260719000103
20260719020010
20260719033101
20260719124528
20260719134839
20260719142110
20260719142925
20260720015320
20260720021101
20260720023643
20260720144310
20260720190926
20260720223905
20260722201911
20260723015843
20260723110240
20260723120200
20260723120856
20260723162423
20260724201104
20260725035726
20260725035909
20260725051407
20260725115048
20260725155922
20260725184016
20260725221452
20260726043137
20260726043211
20260727001423
20260727001540
20260811133707
